617	58	5620	9	5678	0
618	86	1477	58	1566	0
619	29	9222	30	9258	0
620	16	8189	63	8205	0
621	82	2607	56	2697	0
622	73	3453	32	3535	0
623	51	9047	83	9103	4
624	54	9571	70	9630	3
625	61	6123	1	6185	4
626	56	2894	69	2958	0
627	65	8916	11	8989	0
628	93	9980	44	10081	3
629	4	5937	81	5943	0
630	2	1502	69	1511	0
631	37	2585	34	2629	4
632	11	9542	24	9562	0
633	93	7233	80	7331	0
634	23	9915	52	9942	0
635	61	585	55	655	0
636	29	1942	4	1976	0
637	32	537	79	571	2
638	85	1339	3	1430	2
639	2	8476	24	8480	5
640	21	3523	73	3552	0
641	11	3507	23	3518	0
642	74	8246	34	8320	0
643	45	4188	13	4235	3
644	79	1923	24	2008	0
645	90	4543	0	4640	5
646	16	5324	86	5348	4
647	68	8717	9	8790	0
648	37	8573	14	8613	4
649	61	8674	78	8737	2
650	69	6692	70	6762	1
651	48	3944	40	3998	5
652	65	8079	76	8147	2
653	76	2764	12	2844	0
654	29	7411	22	7443	2
655	36	158	81	198	0
656	22	1618	45	1643	0
657	2	42	55	49	0
658	78	3785	76	3865	0
659	64	7106	61	7179	0
660	93	4907	45	5000	3
661	55	8615	51	8671	0
662	56	3092	72	3155	0
663	33	459	83	496	2
664	25	7210	39	7240	0
665	100	5556	11	5661	0
666	49	929	83	983	0
667	63	7034	73	7099	2
668	69	7999	33	8068	4
669	99	7356	76	7460	3
670	15	5745	72	5764	5
671	10	6322	69	6334	3
672	50	6725	7	6776	2
673	52	4701	72	4756	0
674	3	2	63	11	4
675	47	8985	21	9039	3
676	6	206	25	214	3
677	24	3945	37	3973	4
678	60	9096	15	9156	0
679	47	3988	24	4044	0
680	7	4195	89	4204	0
681	71	5492	10	5572	0
682	67	5919	76	5989	2
683	54	219	67	275	1
684	92	9109	33	9203	2
685	56	5265	32	5326	2
686	60	8044	38	8110	5
687	77	4854	6	4933	0
688	22	6265	89	6290	0
689	75	8428	8	8506	2
690	25	7207	59	7237	5
691	81	2508	70	2592	0
692	64	5860	8	5927	3
693	75	2565	85	2647	1
694	79	7290	31	7375	0
695	43	4506	63	4555	0
696	10	3678	63	3695	0
697	39	3678	3	3719	0
698	81	6226	51	6316	1
699	100	7073	48	7178	0
700	1	9714	81	9721	0
701	79	7096	38	7182	2
702	31	8792	19	8832	0
703	19	1213	51	1240	0
704	79	9378	53	9463	2
705	23	9339	4	9367	0
706	19	7191	48	7210	5
707	71	7920	76	7999	4
708	94	5383	6	5482	0
709	19	839	52	863	0
710	4	7391	16	7396	0
711	2	4332	20	4337	0
712	96	2500	37	2596	1
713	66	5082	88	5150	2
714	95	5010	14	5108	0
715	4	9552	82	9561	0
716	70	4652	2	4728	0
717	59	4150	29	4215	0
718	51	4806	57	4866	0
719	23	6956	57	6984	0
720	68	6684	51	6754	0
721	34	8776	30	8812	0
722	43	4638	75	4684	4
723	26	8651	49	8684	0
724	79	4927	74	5009	0
725	83	6798	61	6886	3
726	93	1249	35	1349	2
727	90	3779	63	3871	2
728	60	5067	29	5133	0
729	88	12	54	107	0
730	61	2319	16	2389	5
731	43	4029	15	4081	0
732	77	2055	62	2132	0
733	41	6941	77	6988	4
734	47	3591	83	3642	2
735	18	3986	72	4009	5
736	100	6988	40	7091	1
737	80	73	68	159	0
738	93	3963	2	4059	0
739	91	4047	63	4146	2
740	46	4296	55	4350	0
741	45	8106	88	8155	0
742	18	9642	49	9669	0
743	65	6441	14	6515	4
744	87	6292	9	6381	0
745	56	9146	41	9210	0
746	47	2571	12	2618	0
747	93	5161	45	5262	1
748	45	7011	13	7062	0
749	38	3948	12	3988	0
750	55	391	72	451	1
751	50	2293	54	2345	4
752	5	5742	45	5752	0
753	88	9170	31	9263	4
754	100	8568	55	8672	0
755	21	5515	22	5537	2
756	78	2978	83	3058	0
757	96	309	73	405	0
758	44	564	8	609	0
759	76	4111	36	4187	0
760	92	3268	64	3365	0
761	15	9069	31	9085	3
762	84	1297	85	1384	0
763	5	4230	14	4238	0
764	35	1427	87	1464	0
765	3	9814	80	9822	0
766	36	8509	50	8547	0
767	52	9379	80	9439	0
768	30	3625	38	3661	0
769	23	5169	21	5201	0
770	48	4596	38	4650	0
771	31	8967	34	9003	0
772	29	2755	0	2791	5
773	78	4980	88	5066	5
774	43	1436	82	1479	0
775	9	4291	14	4302	0
776	93	4913	28	5008	1
777	43	5758	2	5801	0
778	25	6867	78	6901	1
779	55	5596	89	5659	0
780	13	3092	44	3107	0
781	11	1585	48	1602	2
782	31	3118	86	3153	0
783	34	7659	9	7700	5
784	5	1466	85	1472	3
785	57	9544	72	9610	0
786	8	4741	35	4753	1
787	47	1115	76	1170	3
788	81	2306	24	2393	0
789	44	7003	50	7056	0
790	17	8624	73	8649	0
791	17	6854	47	6877	1
792	73	9466	1	9542	5
793	53	4492	42	4547	0
794	66	8481	65	8551	0
795	22	9997	8	10026	0
796	95	7219	58	7314	1
797	89	4549	77	4638	5
798	97	9368	83	9466	0
799	18	8569	77	8590	0
800	33	6065	37	6101	4
801	83	6953	61	7042	0
802	51	2042	87	2099	1
803	88	4805	65	4899	1
804	19	6818	55	6842	0
805	84	158	24	245	1
806	55	6076	23	6134	3
807	76	3125	54	3205	0
808	17	3638	57	3658	0
809	68	7918	7	7990	0
810	88	2153	28	2249	3
811	2	9640	27	9646	1
812	58	3703	47	3763	0
813	36	4216	4	4253	0
814	43	9492	84	9538	0
815	66	7166	39	7238	5
816	82	4020	86	4106	0
817	31	7048	6	7085	0