Pid	Bst	Arr	Pri	Dline	I/O
4999	86	9550	58	9642	3
5000	43	6419	5	6464	0
5001	10	4407	66	4425	0
5002	90	7146	31	7243	0
5003	18	2343	30	2363	0
5004	62	6391	30	6458	1
5005	61	9795	42	9865	3
5006	53	5229	88	5283	0
5007	99	4526	51	4630	4
5008	-8	9361	40	9362	2
5009	10	-1	6	13	0
5010	55	3550	86	-5	1
5011	61	7946	39	8010	0
5012	8	6405	0	6419	0
5013	78	7368	60	7449	1
5014	63	1235	73	1305	1
5015	56	2521	88	2582	0
5016	52	9929	61	9984	4
5017	53	8105	11	8165	0
5018	3	1961	17	1971	0
5019	81	3388	73	3469	0
5020	53	4976	74	5036	0
5021	69	7405	50	7483	4
5022	50	6585	79	6639	4
5023	76	1596	54	1673	0
5024	82	605	16	693	0
5025	24	9075	67	9103	2
5026	80	8472	41	8553	4
5027	44	3329	49	3374	0
5028	10	9523	23	9534	0
5029	72	5662	37	5737	2
5030	19	7595	83	7615	0
5031	54	8973	8	9027	4
5032	71	9606	83	9677	0
5033	18	2761	78	2783	0
5034	39	2865	4	2909	0
5035	24	2285	1	2311	0
5036	48	8280	80	8336	5
5037	17	8849	78	8874	0
5038	19	4866	6	4885	2
5039	23	3209	19	3241	0
5040	13	8939	0	8953	0
5041	9	6587	20	6598	5
5042	75	6907	29	6987	0
5043	81	628	60	718	0
5044	85	5127	38	5212	5
5045	62	4980	18	5046	4
5046	10	1746	83	1762	0
5047	90	4124	2	4218	2
5048	90	9577	26	9667	0
5049	39	7808	12	7856	0
5050	21	2437	58	2460	0
5051	39	7331	16	7372	1
5052	16	8425	41	8449	2
5053	86	4777	54	4865	3
5054	27	3810	69	3837	1
5055	78	3838	60	3918	3
5056	27	5138	57	5166	0
5057	32	7129	52	7164	4
5058	14	20	2	42	4
5059	74	8995	16	9077	2
5060	60	4291	12	4359	3
5061	4	7403	56	7412	0
5062	49	7899	9	7955	0
5063	54	4328	6	4384	4
5064	89	4164	72	4253	3
5065	17	1697	48	1715	1
5066	84	2889	74	2982	0
5067	85	3194	57	3281	0
5068	7	4766	7	4780	0
5069	22	8284	73	8309	0
5070	62	2655	59	2718	0
5071	78	1100	30	1178	0
5072	66	4537	51	4604	0
5073	78	231	45	317	0
5074	12	3969	6	3985	4
5075	13	69	86	82	5
5076	35	1358	21	1397	0
5077	23	7361	30	7390	1
5078	54	2864	86	2922	4
5079	72	6247	3	6319	2
5080	64	8549	43	8614	3
5081	60	9392	55	9461	1
5082	57	7705	44	7767	0
5083	42	7491	56	7536	5
5084	36	704	0	743	5
5085	47	6869	72	6917	4
5086	1	723	57	727	2
5087	37	1383	37	1422	2
5088	44	7570	15	7617	0
5089	29	134	83	168	4
5090	88	9597	27	9688	0
5091	35	8318	83	8360	5
5092	76	2708	11	2792	0
5093	87	2275	43	2365	0
5094	66	9795	80	9868	0
5095	24	8457	29	8489	2
5096	12	1424	60	1444	0
5097	74	9380	4	9455	5
5098	68	9708	38	9780	0
5099	8	3409	45	3420	3
5100	76	8453	66	8538	4
5101	88	9370	19	9463	4
5102	47	1411	59	1461	2
5103	31	1494	2	1531	3
5104	28	9300	88	9336	0
5105	51	8179	41	8238	0
5106	23	2478	39	2508	0
5107	19	535	75	559	1
5108	57	2152	89	2211	0
5109	18	9555	85	9574	5
5110	70	5066	86	5140	0
5111	14	2671	69	2686	0
5112	92	8199	4	8297	3
5113	68	8158	12	8230	0
5114	91	2495	19	2595	2
5115	21	5190	56	5214	2
5116	58	4462	11	4526	0
5117	78	1104	51	1185	0
5118	97	4218	67	4321	0
5119	34	1835	25	1876	2
5120	60	2424	39	2485	0
5121	54	8920	50	8979	5
5122	64	2131	17	2199	2
5123	26	759	61	785	0
5124	86	4785	59	4878	0
5125	5	5708	3	5713	0
5126	85	1746	22	1837	0
5127	58	5827	80	5887	4
5128	37	6420	54	6463	0
5129	49	2755	29	2806	0
5130	53	7894	77	7955	0
5131	35	2005	25	2040	4
5132	23	3452	88	3484	0
5133	88	827	63	916	0
5134	33	4008	9	4043	0
5135	96	6979	50	7080	1
5136	26	6183	42	6218	2
5137	28	5637	37	5672	0
5138	42	6752	16	6798	4
5139	35	5650	60	5685	1
5140	29	2522	66	2560	3
5141	4	8089	10	8096	0
5142	72	2924	74	3003	0
5143	24	7839	4	7871	4
5144	75	4189	22	4269	0
5145	8	423	51	433	4
5146	4	1082	80	1092	0
5147	28	1381	88	1412	3
5148	91	6470	57	6566	0
5149	92	3845	56	3942	1
5150	8	4949	83	4961	4
5151	52	1130	63	1184	0
5152	37	7491	64	7535	0
5153	83	8216	28	8300	2
5154	31	6567	17	6602	2
5155	95	9220	5	9315	2
5156	66	5781	85	5856	5
5157	1	2561	17	2568	0
5158	26	8325	44	8358	0
5159	98	5661	22	5766	3
5160	16	3473	10	3491	1
5161	14	5117	88	5133	0
5162	95	1628	83	1732	2
5163	84	9451	75	9536	0
5164	69	2025	53	2094	0
5165	42	5388	58	5437	4
5166	19	8122	67	8144	5
5167	28	3527	57	3556	4
5168	10	8665	52	8677	1
5169	100	6789	76	6892	2
5170	76	1811	18	1887	2
5171	7	8690	61	8698	0
5172	64	7646	12	7715	2
5173	89	2592	17	2690	0
5174	99	8159	76	8263	0
5175	98	6453	12	6558	4
5176	40	9325	57	9369	5
5177	18	3459	83	3486	2
5178	85	9882	29	9976	2
5179	41	7999	50	8042	1
5180	35	2884	31	2924	1
5181	56	2213	58	2272	4
5182	23	2866	3	2897	0
5183	56	3064	22	3127	0
5184	9	6419	52	6428	4
5185	68	3403	63	3477	4
5186	98	2763	32	2867	0
5187	21	1327	13	1349	0
5188	3	3122	27	3125	0
5189	28	9507	63	9538	0
5190	88	882	22	979	0
5191	48	4587	25	4642	0
5192	40	4970	3	5016	0
5193	75	9102	77	9177	0
5194	97	5177	28	5276	4
5195	29	4942	37	4977	1
5196	38	6438	69	6483	0
5197	53	7474	66	7533	0
5198	26	3932	1	3965	0
5199	54	7152	43	7215	5
5200	74	9677	54	9755	3
5201	13	2755	83	2777	2
5202	30	2929	82	2960	1
5203	32	8492	76	8529	3
5204	3	3786	45	3793	0
5205	76	1839	26	1920	0
5206	69	4813	13	4883	0
5207	77	962	85	1044	0
5208	18	5478	47	5503	2
5209	59	6341	67	6402	4
5210	56	2762	56	2825	4
5211	23	4421	31	4452	0
5212	21	392	21	422	5
5213	59	2129	74	2194	0
5214	84	3281	71	3370	0
5215	100	2283	69	2388	3
5216	10	2768	35	2781	0
5217	90	2586	68	2683	0
5218	7	2189	0	2196	2
5219	71	5319	17	5392	5
5220	100	4106	12	4211	0
5221	27	7797	68	7827	0
5222	33	361	26	396	0
5223	92	8330	25	8427	0
5224	73	7827	57	7901	5
5225	2	368	69	375	1
5226	42	5872	39	5917	0
5227	95	5704	3	5804	0
5228	44	346	86	398	4
5229	38	1033	50	1071	3
5230	11	8920	72	8940	0
5231	40	1793	80	1840	0
5232	53	5735	14	5795	0
5233	84	7712	43	7801	0
5234	52	1626	35	1685	0
5235	17	6748	21	6770	0
5236	40	1660	57	1703	1
5237	73	2680	62	2761	0
5238	15	1087	10	1107	1
5239	60	4893	65	4962	0
5240	67	2000	21	2076	0
5241	32	5448	71	5480	4
5242	68	2536	80	2610	0
5243	88	9511	79	9605	4
5244	89	2406	8	2504	0
5245	62	4888	31	4951	0
5246	63	396	2	468	2
5247	44	9266	80	9318	0
5248	18	4632	10	4650	5
