Pid	Bst	Arr	Pri	Dline	I/O
4999	86	9550	58	9642	3
5000	43	6419	5	6464	0
5001	10	4407	66	4425	0
5002	90	7146	31	7243	0
5003	18	2343	30	2363	0
5004	62	6391	30	6458	1
5005	61	9795	42	9865	3
5006	53	5229	88	5283	0
5007	99	4526	51	4630	4
5008	-8	9361	40	9362	2
5009	10	-1	6	13	0
5010	55	3550	86	-5	1
5011	61	7946	39	8010	0
5012	8	6405	0	6419	0
5013	78	7368	60	7449	1
5014	63	1235	73	1305	1
5015	56	2521	88	2582	0
5016	52	9929	61	9984	4
5017	53	8105	11	8165	0
5018	3	1961	17	1971	0
5019	81	3388	73	3469	0
5020	53	4976	74	5036	0
5021	69	7405	50	7483	4
5022	50	6585	79	6639	4
5023	76	1596	54	1673	0
5024	82	605	16	693	0
5025	24	9075	67	9103	2
5026	80	8472	41	8553	4
5027	44	3329	49	3374	0
5028	10	9523	23	9534	0
5029	72	5662	37	5737	2
5030	19	7595	83	7615	0
5031	54	8973	8	9027	4
5032	71	9606	83	9677	0
5033	18	2761	78	2783	0
5034	39	2865	4	2909	0
5035	24	2285	1	2311	0
5036	48	8280	80	8336	5
5037	17	8849	78	8874	0
5038	19	4866	6	4885	2