175997	73	9761	36	9836	0
175998	61	541	41	603	1
175999	11	2198	81	2218	0
176000	31	7428	83	7462	0
176001	61	6168	28	6230	0
176002	89	6529	67	6623	2
176003	100	3675	60	3781	0
176004	3	1181	83	1185	5
176005	76	490	62	571	2
176006	92	7261	22	7357	0
176007	42	5547	25	5594	1
176008	-8	6400	19	6398	3
176009	25	-1	22	28	0
176010	78	4760	83	-5	0
176011	36	8679	64	8723	3
176012	2	2603	74	2612	1
176013	70	8843	76	8913	3
176014	74	6257	67	6333	3
176015	65	4615	14	4681	0
176016	63	3737	83	3803	2
176017	98	1218	71	1317	2
176018	15	7974	64	7993	0
176019	95	1579	39	1675	0
176020	2	9697	56	9699	5
176021	57	6309	52	6369	1
176022	12	8043	22	8059	0
176023	53	1059	73	1121	0
176024	100	4522	8	4626	0
176025	64	3294	78	3363	0
176026	82	7386	71	7469	2
176027	42	9005	76	9055	1
176028	80	6462	0	6548	5
176029	81	403	84	492	0
176030	91	2758	32	2849	3
176031	24	3641	54	3669	0
176032	17	8123	83	8142	0
176033	19	7800	8	7824	0
176034	53	7622	12	7675	0
176035	49	5985	51	6043	2
176036	68	6973	15	7043	0
176037	92	5103	63	5200	0
176038	90	8033	51	8129	0
176039	38	3387	0	3428	4
176040	53	4344	10	4406	0
176041	8	3436	15	3451	0
176042	92	2096	5	2189	0
176043	45	9935	55	9980	0
176044	20	7251	0	7277	0
176045	43	2464	58	2516	2
176046	69	6815	37	6886	0
176047	38	9634	64	9677	0
176048	74	7931	40	8009	0
176049	45	3450	42	3497	3
176050	13	7844	88	7866	5
176051	43	1605	22	1650	0
176052	30	3695	71	3730	5
176053	100	1473	74	1582	4
176054	81	6271	89	6354	0
176055	40	4336	32	4385	0
176056	78	6229	31	6316	3
176057	64	9186	4	9252	0
176058	88	3100	41	3194	0
176059	42	9462	27	9508	0
176060	73	6062	52	6140	5
176061	2	5470	30	5480	4
176062	57	5527	79	5588	3
176063	63	6999	35	7070	1
176064	64	189	23	253	0
176065	76	5948	10	6025	0
176066	83	9396	84	9486	0
176067	54	6203	58	6257	0
176068	2	88	58	90	0
176069	16	3328	77	3348	5
176070	61	4801	36	4867	4
176071	83	2948	42	3033	1
176072	38	1374	71	1415	0
176073	96	9294	45	9393	0
176074	3	1719	6	1722	0
176075	35	3740	40	3783	0
176076	85	9813	15	9905	2
176077	14	3028	55	3049	0
176078	100	9761	57	9870	0
176079	78	7437	47	7523	3
176080	41	7782	14	7830	0
176081	41	8573	66	8621	5
176082	51	967	88	1027	0
176083	41	309	69	351	0
176084	2	6642	14	6651	5
176085	67	7575	5	7647	3
176086	40	7932	57	7978	0
176087	20	7560	36	7580	1
176088	84	2642	6	2731	0
176089	61	3360	33	3429	0
176090	77	7115	73	7201	2
176091	57	6241	21	6306	0
176092	99	4444	44	4546	0
176093	40	7269	68	7315	0
176094	89	9034	85	9127	0
176095	7	5155	60	5168	0
176096	12	7966	74	7979	4
176097	95	4982	3	5079	4
176098	88	9231	11	9328	0
176099	50	4918	29	4973	2
176100	56	7041	85	7103	4
176101	43	1467	74	1516	5
176102	72	5242	45	5321	0
176103	9	8212	30	8223	0
176104	44	4416	24	4469	2
176105	72	4284	86	4362	0
176106	48	3938	22	3991	4
176107	43	4982	55	5026	0
176108	36	4675	14	4717	0
176109	71	2862	14	2937	1
176110	39	4785	12	4825	2
176111	2	8058	68	8064	0
176112	68	9758	43	9829	3
176113	45	687	31	739	0
176114	41	7824	30	7873	0
176115	38	4858	60	4905	0
176116	73	9419	78	9500	0
176117	7	5255	70	5267	2
176118	49	6692	87	6744	0
176119	14	2110	57	2130	0